c=[2 3 0 0 0]
A=[-1 1 1 0 0;1 1 0 1 0;2 1 0 0 1]
b=[3;4;6]
BV=[1,2,3]
NBV=[4,5]